%YAML:1.0
---
model_type: PINHOLE
camera_name: camera
image_width: 848
image_height: 480
distortion_parameters:
   k1: 0.0
   k2: 0.0
   p1: 0.0
   p2: 0.0
projection_parameters:
   fx: 421.8143310546875
   fy: 421.8143310546875
   cx: 420.2113342285156
   cy: 245.9385223388672