%YAML:1.0

#common parameters
#support: 1 imu 1 cam; 1 imu 2 cam: 2 cam; 
imu: 1         
num_of_cam: 2  

imu_topic: "/mavros/imu/data_raw"
image0_topic: "/camera/infra1/image_rect_raw"
image1_topic: "/camera/infra2/image_rect_raw"
output_path: "/home/eason-m9/output/"

cam0_calib: "left.yaml"
cam1_calib: "right.yaml"
image_width: 848
image_height: 480
   

# Extrinsic parameter between IMU and Camera.
estimate_extrinsic: 0   # 0  Have an accurate extrinsic parameters. We will trust the following imu^R_cam, imu^T_cam, don't change it.
                        # 1  Have an initial guess about extrinsic parameters. We will optimize around your initial guess.

# body_T_cam0: !!opencv-matrix
#    rows: 4
#    cols: 4
#    dt: d
#    data: [ 0.0, 0.0, 1.0, 0.1,
#        -1.0, 0.0, 0.0, 0.024,
#        0.0, -1.0, 0.0, 0.05,
#         0., 0., 0., 1. ]
# body_T_cam1: !!opencv-matrix
#    rows: 4
#    cols: 4
#    dt: d
#    data: [ 0.0, 0.0, 1.0, 0.1,
#        -1.0, 0.0, 0.0, -0.026,
#        0.0, -1.0, 0.0, 0.05,
#         0., 0., 0., 1. ]

body_T_cam0: !!opencv-matrix
   rows: 4
   cols: 4
   dt: d
   data: [ 2.5705868255677666e-03, 1.4928809623624417e-02,
       9.9988525478006429e-01, 8.3451510568253034e-02,
       -9.9957678253831839e-01, -2.8935185151108378e-02,
       3.0018112223706983e-03, 1.8844224776839003e-02,
       2.8976678445188975e-02, -9.9946980229694438e-01,
       1.4848111084964644e-02, 5.1127023152154762e-02, 0., 0., 0., 1. ]
body_T_cam1: !!opencv-matrix
   rows: 4
   cols: 4
   dt: d
   data: [ 3.4670853857226014e-03, 1.4336410235599173e-02,
       9.9989121741341669e-01, 8.4617779587840627e-02,
       -9.9957471350203941e-01, -2.8902157883437418e-02,
       3.8803861916787419e-03, -2.7668794077357652e-02,
       2.8954644640261484e-02, -9.9947943080947765e-01,
       1.4230106904683293e-02, 5.2264628503605012e-02, 0., 0., 0., 1. ]

#Multiple thread support
multiple_thread: 1

#feature traker paprameters
max_cnt: 100            # max feature number in feature tracking
min_dist: 30            # min distance between two features 
freq: 10                # frequence (Hz) of publish tracking result. At least 10Hz for good estimation. If set 0, the frequence will be same as raw image 
F_threshold: 1.0        # ransac threshold (pixel)
show_track: 1           # publish tracking image as topic
flow_back: 1            # perform forward and backward optical flow to improve feature tracking accuracy

#optimization parameters
max_solver_time: 0.04  # max solver itration time (ms), to guarantee real time
max_num_iterations: 8   # max solver itrations, to guarantee real time
keyframe_parallax: 10.0 # keyframe selection threshold (pixel)

#imu parameters       The more accurate parameters you provide, the better performance
acc_n: 0.1          # accelerometer measurement noise standard deviation. #0.2   0.04
gyr_n: 0.01         # gyroscope measurement noise standard deviation.     #0.05  0.004
acc_w: 0.001         # accelerometer bias random work noise standard deviation.  #0.002
gyr_w: 0.0001       # gyroscope bias random work noise standard deviation.     #4.0e-5
g_norm: 9.805         # gravity magnitude

#unsynchronization parameters
estimate_td: 1                      # online estimate time offset between camera and imu
td: 0.00                             # initial value of time offset. unit: s. readed image clock + td = real image clock (IMU clock)

#loop closure parameters
load_previous_pose_graph: 0        # load and reuse previous pose graph; load from 'pose_graph_save_path'
pose_graph_save_path: "/home/eason/output/pose_graph/" # save and load path
save_image: 0                   # save image in pose graph for visualization prupose; you can close this function by setting 0 
has_gt_pose: 0