%YAML:1.0

#common parameters
#support: 1 imu 1 cam; 1 imu 2 cam: 2 cam; 
imu: 1         
num_of_cam: 2  

imu_topic: "/mavros/imu/data_raw"
image0_topic: "/camera/infra1/image_rect_raw"
image1_topic: "/camera/infra2/image_rect_raw"
output_path: "/home/eason-m9/output/"

cam0_calib: "left.yaml"
cam1_calib: "right.yaml"
image_width: 848
image_height: 480
   

# Extrinsic parameter between IMU and Camera.
estimate_extrinsic: 0   # 0  Have an accurate extrinsic parameters. We will trust the following imu^R_cam, imu^T_cam, don't change it.
                        # 1  Have an initial guess about extrinsic parameters. We will optimize around your initial guess.

# body_T_cam0: !!opencv-matrix
#    rows: 4
#    cols: 4
#    dt: d
#    data: [ 0.0, 0.0, 1.0, 0.1,
#        -1.0, 0.0, 0.0, 0.024,
#        0.0, -1.0, 0.0, 0.05,
#         0., 0., 0., 1. ]
# body_T_cam1: !!opencv-matrix
#    rows: 4
#    cols: 4
#    dt: d
#    data: [ 0.0, 0.0, 1.0, 0.1,
#        -1.0, 0.0, 0.0, -0.026,
#        0.0, -1.0, 0.0, 0.05,
#         0., 0., 0., 1. ]

body_T_cam0: !!opencv-matrix
   rows: 4
   cols: 4
   dt: d
   data: [ 5.9976352109992748e-03, 8.7655599920384852e-03,
       9.9994359507419306e-01, 7.1359505016908534e-02,
       -9.9966361893271327e-01, -2.5179393834767083e-02,
       6.2166798586538730e-03, 1.5359845004391479e-02,
       2.5232466273178156e-02, -9.9964451835847123e-01,
       8.6115946045578484e-03, 6.5220901019985705e-02, 0., 0., 0., 1. ]
body_T_cam1: !!opencv-matrix
   rows: 4
   cols: 4
   dt: d
   data: [ 7.2344170537694819e-03, 8.1007523761071343e-03,
       9.9994101877102393e-01, 7.2654528916786393e-02,
       -9.9965639482826329e-01, -2.5135599743313142e-02,
       7.4359871236600039e-03, -3.3344482230730256e-02,
       2.5194354305109967e-02, -9.9965122889760161e-01,
       7.9161275042560764e-03, 6.6310500491085042e-02, 0., 0., 0., 1. ]

#Multiple thread support
multiple_thread: 1

#feature traker paprameters
max_cnt: 100            # max feature number in feature tracking
min_dist: 30            # min distance between two features 
freq: 10                # frequence (Hz) of publish tracking result. At least 10Hz for good estimation. If set 0, the frequence will be same as raw image 
F_threshold: 1.0        # ransac threshold (pixel)
show_track: 1           # publish tracking image as topic
flow_back: 1            # perform forward and backward optical flow to improve feature tracking accuracy

#optimization parameters
max_solver_time: 0.04  # max solver itration time (ms), to guarantee real time
max_num_iterations: 8   # max solver itrations, to guarantee real time
keyframe_parallax: 10.0 # keyframe selection threshold (pixel)

#imu parameters       The more accurate parameters you provide, the better performance
acc_n: 0.1          # accelerometer measurement noise standard deviation. #0.2   0.04
gyr_n: 0.01         # gyroscope measurement noise standard deviation.     #0.05  0.004
acc_w: 0.001         # accelerometer bias random work noise standard deviation.  #0.002
gyr_w: 0.0001       # gyroscope bias random work noise standard deviation.     #4.0e-5
g_norm: 9.805         # gravity magnitude

#unsynchronization parameters
estimate_td: 1                      # online estimate time offset between camera and imu
td: 0.00                             # initial value of time offset. unit: s. readed image clock + td = real image clock (IMU clock)

#loop closure parameters
load_previous_pose_graph: 0        # load and reuse previous pose graph; load from 'pose_graph_save_path'
pose_graph_save_path: "/home/eason/output/pose_graph/" # save and load path
save_image: 0                   # save image in pose graph for visualization prupose; you can close this function by setting 0 
has_gt_pose: 0